73267 95196 351
33008 89604 351
14324 36087 324
49255 22728 324
42538 95794 351
44947 72423 340
61100 19256 340
88473 55862 351
43699 50103 314
6208 19559 279
67432 4549 340
35618 84202 351
99032 88816 333
23025 26329 282
77999 32521 351
9802 53280 340
65242 13405 340
65293 15456 340
13999 38882 324
77045 79024 338
48925 38365 314
3014 30394 308
40451 48908 314
26733 50194 324
54883 85376 351
41034 21707 324
1410 63522 340
82469 756 351
99052 55186 351
13481 9021 276
971 81624 351
76650 48354 340
18238 67249 340
64860 44318 340
72277 49635 340
89575 40251 351
15271 16926 266
11821 5313 268
57678 19202 340
88375 75714 351
82003 10729 351
21075 28102 308
68408 93553 351
70096 37861 340
52918 96893 351
52252 51453 278
77843 45104 351
96392 32612 351
30925 67272 340
85807 3608 351
48508 29683 324
29210 49740 324
14558 17415 271
47864 57068 340
4579 51956 324
46534 22302 324
31005 39898 324
93937 61157 351
52852 75068 335
13828 22906 279
89818 38504 351
16119 28423 308
44995 59436 340
21815 79114 351
73947 71252 325
24036 22793 282
10849 35462 311
67815 7317 340
35987 10447 324
86857 67707 351
58780 20084 340
16390 57890 340
19299 57930 340
50309 31563 324
86510 25797 351
96917 71247 351
16163 70260 340
27446 69925 340
77544 36095 351
50340 14912 324
92974 85817 333
17631 45784 324
25522 28747 308
32712 92496 351
71541 34108 340
45271 3168 324
5786 44343 324
78418 30467 351
75092 57275 335
86719 99665 333
35610 24265 311
31532 44135 324
41666 55044 340
84154 64450 351
7237 53162 340
78492 86450 338
12110 75893 340
51778 46852 314
50022 22462 324
37365 2222 324
34811 17788 311
91154 88784 315
44358 90468 351
68144 91132 351
75448 19758 340
24704 82209 351
52409 68872 340
82540 13648 351
60663 41354 340
64884 35217 340
64172 10909 340
10783 10290 255
63038 9104 340
91832 22270 351
70365 60868 335
87135 97113 333
44174 97560 351
87700 15745 351
39015 14236 324
64534 24664 340
64763 17189 340
78247 34971 351
26996 38218 324
19414 54262 340
78049 79986 338
99936 98409 328
47085 48764 314
80286 38790 351
34930 66294 340
66136 87111 351
57286 19840 340
56088 95847 351
71490 72432 263
47094 22225 324
23006 23952 282
17223 14415 271
88945 90615 315
69546 15456 340
33091 92025 351
98753 10903 351
16215 15895 253
40936 96949 351
96250 59665 351
67493 98045 351
66144 22720 340
1386 47095 324
36909 60807 340
23492 6234 279
26267 23949 264
19862 75890 340
2100 55855 340
24668 12772 282
61371 22957 340
81413 58238 351
42458 39982 288
81445 14252 351
1417 12058 268
56218 54229 322
26938 75738 340
77254 96403 338
96244 78143 338
83607 62901 351
48043 62605 340
31174 99715 351
92524 94512 315
5707 18696 279
51644 680 324
27433 49343 324
3580 75124 340
33323 28221 285
54240 80183 351
33791 32375 267
99405 38353 351
3899 22192 279
9009 90698 351
8293 45306 324
84707 49127 351
37851 94363 351
85615 39042 351
82130 54053 351
97929 75289 351
19474 27967 308
75543 98948 351
8974 21914 279
62908 26993 340
49510 4854 324
45526 68109 340
52836 15449 340
78751 40465 351
25298 77572 351
37300 25669 324
2226 77774 351
63013 53537 335
41690 1840 324
79684 73458 351
34575 79492 351
27108 3278 308
57835 41594 340
42691 99347 351
56790 6685 340
59826 86608 351
90717 37767 351
22299 49189 324
67189 35671 340
42368 99299 351
12831 68091 340
64152 53326 335
68303 5284 340
90294 94871 333
17976 7470 279
74104 89770 351
90411 3860 351
15737 60673 340
34503 35077 280
79832 97922 333
72004 26754 340
39561 81297 351
56762 95771 351
6512 31204 308
8581 7364 252
18702 68833 340
18291 93535 351
67384 73495 325
2957 7514 262
89336 73026 351
41936 77298 351
23256 32317 308
55481 46069 340
53733 26093 340
14062 32498 308
16706 16975 266
40422 33034 324
97614 50763 351
37701 7213 324
41730 29637 324
51296 48092 296
53963 11050 340
58793 82390 351
35950 79547 351
55946 58860 322
85128 55369 351
99515 60649 351
72501 88738 351
41788 38996 306
24325 86507 351
83422 33733 351
91358 9262 351
24592 5342 282
57726 8341 340
28092 32314 285
64472 95806 351
13529 63100 340
36893 10054 324
19861 57834 340
9283 78917 351
58003 71042 335
12976 90824 351
38539 6941 324
22725 64421 340
68524 89854 351
55734 38156 340
1669 20720 279
78138 77228 276
92288 87036 333
81956 42636 351
57695 80421 351
93808 36478 351
76412 46251 340
47062 88887 351
46617 53510 340
76965 14204 340
77335 23423 351
62225 92324 351
99151 23889 351
5335 25786 282
34239 27468 311
44279 57272 340
88833 73275 351
92358 42956 351
12592 32673 308
59943 27606 340
50879 514 324
79739 41227 351
6958 63240 340
32970 62462 340
72404 5819 340
42804 68258 340
53046 76587 335
50334 68917 340
25601 83036 351
68148 51719 340
48514 56828 340
96263 45899 351
77960 97322 338
4434 25496 282
6111 65924 340
13479 97819 351
97360 15845 351
53261 30789 340
72013 8789 340
37073 39671 306
94792 99066 328
58484 1246 340
51394 32222 324
37016 17211 324
49346 73067 340
18479 82709 351
56009 46198 340
41644 58979 340
47014 24798 324
60436 84169 351
25810 89847 351
58631 52739 322
66551 23478 340
82769 63083 351
41993 85110 351
14511 84744 351
34320 19604 311
98156 11846 351
53511 30367 340
62528 58515 335
89808 52333 351
85651 64250 351
83398 26011 351
88675 66695 351
50717 65629 340
77155 15346 351
85899 80579 320
25654 26750 308
9344 64722 340
9614 12516 268
98223 72177 351
19157 85519 351
78971 27159 351
10329 13450 276
34601 80383 351
63758 76082 325
42067 65639 340
35944 2954 324
67033 24450 340
1999 35143 311
76567 18556 340
10788 41668 324
11127 60770 340
89186 53993 351
30749 32286 285
79243 42097 351
71407 35808 340
41371 63503 340
45468 2128 324
46912 30766 324
58610 54365 322
18572 83965 351
94253 24396 351
51256 22349 324
36270 36030 249
5960 47301 324
97227 45927 351
14160 96706 351
59529 1603 340
19688 12104 279
43124 17690 324
4595 28900 308
74264 38553 340
41907 4404 324
80405 46586 351
53540 58115 322
45632 67671 340
51226 22264 324
7064 98657 351
3569 43232 324
46033 6456 324
63903 65947 299
20526 7141 279
48474 8816 324
21901 24936 282
16644 71554 340
85763 29669 351
44564 94405 351
78857 35442 351
23362 89783 351
23885 345 282
66173 36468 340
12813 23113 279
81109 44855 351
98073 94897 328
76471 11877 340
69289 67722 312
48933 4772 324
73768 64187 325
31812 30069 285
85410 34357 351
99687 12292 351
14777 28791 308
29047 54630 340
69106 65042 312
31764 49812 324
37559 19543 324
48134 90109 351
5682 30761 308
89858 88187 315
17214 13702 271
10942 74731 340
38971 53371 340
89310 31800 351
75656 32829 340
23951 81919 351
7936 87806 351
16095 91072 351
92820 47606 351
85735 10300 351
84306 8497 351
39198 29508 324
93850 71691 351
92004 1750 351
89779 15426 351
97048 40138 351
84020 45828 351
63628 9765 340
49355 56883 340
82233 7584 351
85531 35365 351
51899 65257 340
95566 36877 351
76643 66685 325
89631 82816 333
33107 29434 285
66030 39527 340
9850 94436 351
68439 28617 340
76657 51225 340
36790 40717 306
81007 63536 351
78167 4256 351
34013 13456 308
56724 7273 340
77633 44933 351
85680 83041 320
24876 54948 340
8987 59277 340
71819 82813 351
67586 79233 351
54572 83595 351
88396 88671 271
80665 98899 333
16790 98839 351
61655 34048 340
10223 48800 324
56720 2727 340
22930 98741 351
51645 70640 340
26317 65716 340
71863 54025 335
12174 62240 340
93870 10304 351
71584 41749 340
38351 97016 351
93164 14985 351
74497 58149 335
57183 78650 351
96746 79757 333
37456 53197 340
81627 97678 333
60623 95186 351
84614 75698 351
76168 734 340
6498 62139 340
1497 86869 351
18651 82913 351
12808 63374 340
58649 92982 351
8360 57187 340
93707 14820 351
71698 12933 340
29513 98148 351
53161 91055 351
24878 4957 282
65798 91802 351
41327 68683 340
81866 19493 351
51572 242 324
86307 460 351
37655 46220 314
75330 44686 340
77793 130 351
49369 69949 340
16364 16241 204
55377 111 340
44063 67643 340
45938 60238 340
90405 60863 351
22007 53220 340
11214 38636 324
60733 71763 335
38008 44235 306
68722 31130 340
86514 62539 351
76112 81744 351
70914 32381 340
69547 34301 340
